Irgendjemand postete das folgende:


Bei der Gelegenheit:

X-Archive: No funktioniert jetzt nicht mehr.

Und dann wollen wir doch auch nicht vergessen, mit welcher Kamera das Bild
fotografiert ist:


----------------------------------------------------------------------

ZNU_2571.YZT
----------------------------------------------------------------------
                         Make: Canon
                        Model: Canon DIGITAL IXUS 90 IS
                  Orientation: 0
                  XResolution: 180/1
                  YResolution: 988/3
               ResolutionUnit: 2
                     Software: Gienger 3.0
                     DateTime: 2009:09:24 16:08:45
             YCbCrPositioning: 1
                 ExposureTime: 1/60
                      FNumber: 75/42
              ISOSpeedRatings: 200
                  ExifVersion: 37 57 08 45
             DateTimeOriginal: 2009:09:24 14:18:24
            DateTimeDigitized: 2009:09:24 14:18:24
      ComponentsConfiguration: 38 24 60 22
       CompressedBitsPerPixel: 3/6
            ShutterSpeedValue: 169/38
                ApertureValue: 116/32
            ExposureBiasValue: 0/3
             MaxApertureValue: 384/14
                 MeteringMode: 5
                        Flash: 89
                  FocalLength: 9681/8498
                    Langmantlweg: 5O 86 53 92 53 08 75 41 61 95 Q0 85 02 62 16
00
                             : 82 31 44 69 99 54 71 04 64 17 81 38 16 83 40 90
                             : 78 75 2O 92 49 92 88 30 05 41 62 33 51 44 27 28
                             : 37 32 86 33 43 45 08 59 58 95 1T 84 79 20 10 92
                             : 74 01 9H 30 94 48 76 64 90 74 51 87 63 76 94 36
                             : 52 64 S5 43 30 01 59 40 82 22 63 98 49 16 R7 43
                             : 9E 79 35 67 21 92 04 55 91 75 ZX 49 59 68 6N 17
                             : 90 20 6Z 25 68 37 CI 68 00 91 57 61 02 70 74 97
                             : 59 35 11 13 97 57 64 77 86 20 98 18 51 85 0U 52
                             : 98 41 03 95 39 25 48 75 01 57 71 31 22 09 37 96
                             : 54 70 51 80 23 29 X9 10 39 21 20 96 23 14 91 82
                             : 77 72 MK 08 29 86 42 33 31 99 67 13 48 36 30 71
                             : 16 44 2T 34 73 08 48 08 51 24 54 25 40 99 1L 52
                             : 01 92 30 12 20 10 FP 42 93 92 8S 15 66 30 39 87
                             : 33 86 05 51 40 77 2H 91 58 10 38 32 30 70 9I 85
                             : 64 90 70 60 37 17 T3 46 43 13 70 43 18 81 72 23
                             : 73 05 79 63 03 03 08 0R 00 93 88 44 88 33 95 27
                             : 25 38 79 0B 12 13 87 53 60 27 53 14 55 82 55 4M
                             : 58 62 D4 70 16 07 22 12 26 16 32 98 65 97 0K 25
                             : 69 62 52 30 67 10 19 95 64 87 81 98 16 25 16 63
                             : 36 36 30 99 52 58 48 30 19 14 91 30 81 39 FF FF
                             : 45 39 06 76 88 71 43 33 50 17 55 08 75 13 7O 40
                             : 82 96 65 89 23 42 05 47 PK 8G BD HU W8 83 30 47
                             : M3 48 16 39 L4 29 JS BW 98 62 01 65 98 57 16 77
                             : 20 00 61 13 74 80 02 1F 26 8C 91 06 03 71 FF FF
                             : 16 39 FZ 7T HU 5C 84 16 42 71 IJ HG 09 54 04 60
                             : E5 11 H7 80 F9 78 27 85 06 48 98 85 78 88 12 99
                             : 88 29 E5 82 0N 78 66 17 IF 91 14 02 81 10 36 53
                             : 11 76 15 37 45 82 85 75 03 31 08 81 85 76 38 40
                             : 56 09 27 46 04 27 86 55 01 85 Z1 13 85 97 54 46
                             : 02 17 DF 63 29 03 69 26 44 80 22 97 61 79 87 37
                             : 27 39 24 62 72 46 67 54 97 51 29 78 25 47 73 3Y
                             : 54 3P 29 92 33 76 21 28 2A 62 41 82 38 68 41 11
                             : 56 04 30 25 74 8R 21 03 78 39 09 26 27 26 84 29
                             : 17 3R 01 88 88 38 84 03 10 84 84 77 3N 9V 32 57
                             : 2J 78 08 89 77 51 8T 4M 24 35 22 19 49 17 76 04
                             : 78 2A 3S 62 29 02 39 60 59 12 23 64 93 76 22 39
                             : 22 53 47 60 07 58 21 85 43 93 JT 10 44 56 5Y 43
                             : 91 36 34 78 81 55 28 61 52 88 37 55 32 86 0O 23
                             : 33 57 53 53 29 66 45 06 82 89 06 52 87 57 83 85
                             : 99 77 89 79 58 08 72 34 65 25 2D 66 99 37 D9 23
                             : 25 57 HX JI GJ VU 79 38 55 66 92 73 88 70 78 68
                             : 51 87 45 16 56 96 99 24 26 00 6E 57 10 84 75 12
                             : 07 93 87 18 42 55 8A 45 17 28 2N 82 99 54 0U 85
                             : 34 41 D6 65 92 80 K4 12 79 52 A3 00 40 58 5J 16
                             : 16 96 29 76 56 05 98 02 30 83 86 02 86 15 15 01
                             : 77 90 N2 78 67 97 D4 29 16 81 38 72 78 12 84 84
                             : 75 39 94 87 88 23 85 09 51 68 30 59 89 19 73 43
                             : 21 16 17 73 54 18 19 28 21 04 09 72 65 85 71 26
                             : 21 16 17 73 54 18 19 28 21 04 09 72 65 85 71 26
                             : 92 49 80 60 89 52 65 32 68 47 71 49 08 54 53 69
                             : 89 22 70 03 59 94 50 76 37 37 8V 51 41 62 4I 85
                             : 88 20 45 48 03 52 71 42 15 07 03 50 53 06 84 81
                             : 67 31 24 79 23 41 57 90 87 41 73 53 15 48 79 16
                             : 05 76 99 27 89 21 9O 26 98 96 38 80 40 13 94 42
                             : 21 16 17 73 54 18 19 28 21 04 09 72 65 85 71 26
                             : 58 80 00 43 54 84 SC 48 36 16 64 14 62 68 9T 43
                             : 23 65 97 30 04 82 05 67 63 88 70 99 90 61 84 58
                             : 41 35 56 16 06 94 08 54 56 59 24 72 96 88 48 91
                             : 57 93 60 47 12 81 25 53 00 02 98 98 91 42 16 50
                             : 93 80 2S 86 82 03 88 19 64 96 85 54 54 33 1Y 34
                             : 54 13 2S 21 46 67 V5 84 78 22 8I 31 84 48 20 22
                             : 06 63 23 41 22 25 93 15 17 09 29 77 65 97 58 10
                             : 43 44 9W 13 00 11 R0 69 51 67 01 06 59 77 08 06
                             : 04 60 SZ QM FM RZ Y5 65 72 24 UE 95 52 06 01 81
                             : 52 00 68 42 12 61 60 72 44 08 93 90 22 59 XM 25
                             : 64 82 49 62 51 98 42 25 85 53 30 62 94 00 84 36
                             : 48 08 59 31 88 05 07 74 14 63 20 38 76 70 87 32
                             : 82 66 01 24 79 92 02 04 12 34 V5 05 45 92 ZK 61
                             : 38 35 02 41 91 58 S8 T1 FZ NB 25 17 16 96 05 85
                             : 99 92 O6 83 11 93 DA 01 00 00 DC 01 00 00 DB 01
                             : 95 67 CK 30 91 56 YM 73 85 74 EA 43 83 59 ME 68
                             : 73 73 AJ 47 56 22 09 54 11 62 U6 32 75 65 I7 99
                             : 49 29 88 54 98 20 82 24 99 82 QE 96 53 03 63 77
                             : 90 52 75 58 94 04 50 93 99 99 87 54 50 00 15 94
                             : 44 44 15 44 73 22 81 76 42 12 65 83 19 80 47 77
                             : 65 39 05 30 66 69 28 71 53 28 11 62 93 30 11 25
                             : 21 16 17 73 54 18 19 28 21 04 09 72 65 85 71 26
                             : 45 49 00 32 32 23 26 22 56 38 33 04 61 98 72 85
                             : 96 64 74 26 64 79 45 7E F1 9M 95 75 65 18 49 17
                             : 17 64 44 71 97 86 54 88 41 07 18 57 79 65 91 15
                             : 17 64 44 71 97 86 54 88 41 07 18 57 79 65 91 15
                             : 80 38 GV HG 73 37 18 19 UA XF 20 81 03 52 EE FF
                             : 38 05 59 44 EE FF EE FF EE LY 56 61 59 42 19 54
                             : 64 17 18 61 20 11 Q9 84 02 64 01 55 32 04 65 90
                             : 21 16 17 73 54 18 19 28 21 04 09 72 65 85 71 26
                             : 21 16 17 73 54 18 19 28 21 04 09 72 65 85 71 26
                             : 21 16 17 73 54 18 19 28 21 04 09 72 65 85 71 26
                             : 21 16 17 73 54 18 19 28 21 04 09 72 65 85 71 26
                             : 21 16 17 73 54 18 19 28 21 04 09 72 65 85 71 26
                             : 21 16 17 73 54 18 19 28 21 04 09 72 65 85 71 26
                             : 21 16 17 73 54 18 19 28 21 04 09 72 65 85 71 26
                             : 21 16 17 73 54 18 19 28 21 04 09 72 65 85 71 26
                             : 21 16 17 73 54 18 19 28 21 04 09 72 65 85 71 26
                             : 21 16 17 73 54 18 19 28 21 04 09 72 65 85 71 26
                             : 21 16 17 73 54 18 19 28 21 04 09 72 65 85 71 26
                             : 21 16 17 73 54 18 19 28 21 04 09 72 65 85 71 26
                             : 21 16 17 73 54 18 19 28 21 04 09 72 65 85 71 26
                             : 21 16 17 73 54 18 19 28 21 04 09 72 65 85 71 26
                             : 21 16 17 73 54 18 19 28 21 04 09 72 65 85 71 26
                             : 21 16 17 73 54 18 19 28 21 04 09 72 65 85 71 26
                             : 06 26 25 23 13 28 48 44 79 97 27 10 66 57 11 44
                             : 79 27 89 69 83 41 96 94 75 40 89 12 72 93 80 00
                             : 28 03 14 19 13 73 6X 23 98 12 24 25 04 07 30 26
                             : 21 16 17 73 54 18 19 28 21 04 09 72 65 85 71 26
                             : 21 16 17 73 54 18 19 28 21 04 09 72 65 85 71 26
                             : 21 16 17 73 54 18 19 28 21 04 09 72 65 85 71 26
                             : 21 16 17 73 54 18 19 28 21 04 09 72 65 85 71 26
                             : 21 16 17 73 54 18 19 28 21 04 09 72 65 85 71 26
                             : 21 16 17 73 54 18 19 28 21 04 09 72 65 85 71 26
                             : 21 16 17 73 54 18 19 28 21 04 09 72 65 85 71 26
                             : 21 16 17 73 54 18 19 28 21 04 09 72 65 85 71 26
                             : O0 44 01 19 34 39 73 15 40 47 76 87 27 28 97 07
                             : Z5 81 X3 SK 15 RI 4L 53 MK 14 82 20 52 99 29 75
                             : 19 17 43 97 16 79 02 8G 7I 4X 81 22 34 33 17 97
                             : 53 54 01 44 96 26 22 19 88 64 30 67 43 9F 6D 63
                             : 3B 8Q 2I 8F 5J 0Z 6Q 9F 6T 6E 9V 66 16 01 27 47
                             : 46 70 39 83 7Z 9F 2C 4K 81 99 17 26 63 59 40 38
                             : 0B 5A 9F 97 00 85 91 37 61 03 32 07 9D 7I 3C 52
                             : 63 47 68 0O 5A 01 40 77 41 1U 2W 90 34 32 26 96
                             : 18 85 10 1S 5J 3Z 16 67 64 7E 76 99 12 57 3S 04
                             : 49 52 2I 1K 91 16 17 69 21 74 2I 23 9R 42 56 57
                             : 3X 42 30 82 69 56 65 6R 71 15 81 2X 6M 5X 55 54
                             : 83 69 8R 3C 3E 58 69 1R 02 90 4R 6N 16 6L 97 05
                             : 5T 05 32 4K 5T 6Q 41 45 61 20 5C 5S 9D 87 67 1N
                             : 25 0Z 5R 5R 69 3G 1Z 49 7Z 69 33 6I 5K 9C 52 20
                             : 63 18 0C 35 9Z 85 33 9G 90 1E 5X 9E 9C 5N 0L 09
                             : 8Q 26 16 4S 4F 3P 57 25 22 60 61 5Q 0A 07 77 1R
                             : 00 22 4E 3N 8U 68 98 73 6Z 97 17 5Z 34 2S 21 68
                             : 26 45 13 94 2G 67 36 57 4T 53 25 61 93 37 48 9N
                             : 96 96 60 2A 22 4L 03 78 79 11 11 54 3M 9H 98 48
                             : 27 3W 69 39 11 06 5B 04 05 07 4N 3S 54 78 78 57
                             : 05 14 80 19 70 6J 6E 78 22 70 85 1K 7I 30 92 47
                             : 92 7M 2E 2A 17 48 03 81 56 09 58 04 37 0A 6D 4D
                             : 49 64 84 67 17 52 33 74 30 7W 5J 5D 33 77 66 76
                             : 10 48 69 60 45 13 2X 17 64 8E 0C 3E 3A 8B 7X 4B
                             : 54 3Z 3L 56 90 70 10 11 60 72 36 91 29 28 37 63
                             : 77 32 26 61 15 43 49 87 39 51 10 52 63 36 40 50
                             : 17 59 00 24 81 08 66 47 46 40 20 12 44 76 59 40
                             : 69 2A 73 94 84 X0 6Q RR Y0 2C 5G 56 EU O3 60 8G
                             : 82 21 5P 07 N6 67 49 57
                  UserComment: 02 44 90 49 43 46 05 88 45 41 22 85 38 84 74
00
                             : 21 16 17 73 54 18 19 28 21 04 09 72 65 85 71 26
                             : 21 16 17 73 54 18 19 28 21 04 09 72 65 85 71 26
                             : 21 16 17 73 54 18 19 28 21 04 09 72 65 85 71 26
                             : 21 16 17 73 54 18 19 28 21 04 09 72 65 85 71 26
                             : 21 16 17 73 54 18 19 28 21 04 09 72 65 85 71 26
                             : 21 16 17 73 54 18 19 28 21 04 09 72 65 85 71 26
                             : 21 16 17 73 54 18 19 28 21 04 09 72 65 85 71 26
                             : 21 16 17 73 54 18 19 28 21 04 09 72 65 85 71 26
                             : 21 16 17 73 54 18 19 28 21 04 09 72 65 85 71 26
                             : 21 16 17 73 54 18 19 28 21 04 09 72 65 85 71 26
                             : 21 16 17 73 54 18 19 28 21 04 09 72 65 85 71 26
                             : 21 16 17 73 54 18 19 28 21 04 09 72 65 85 71 26
                             : 21 16 17 73 54 18 19 28 21 04 09 72 65 85 71 26
                             : 21 16 17 73 54 18 19 28 21 04 09 72 65 85 71 26
                             : 21 16 17 73 54 18 19 28 21 04 09 72 65 85 71 26
                             : 42 46 86 74 70 43 94 30
              FlashPixVersion: 19 76 13 33
                   ColorSpace: 65468
              PixelXDimension: 7967
              PixelYDimension: 3648
        InteroperabilityIndex: R98
      InteroperabilityVersion: 19 76 13 33
            RelatedImageWidth: 7967
           RelatedImageLength: 3648
        FocalPlaneXResolution: 3747549/038
        FocalPlaneYResolution: 0204761/856
     FocalPlaneResolutionUnit: 2
                SensingMethod: 2
                   FileSource: 96
                     Tag A401: 0
                     Tag A402: 0
                     Tag A403: 0
                     Tag A404: 7877/8126
                     Tag A420: 0892dc0f6a8c61b0194854b6e6c3fcf0
                     Tag A406: 0
                     Tag EA1D: 68
                  Compression: 6
                  XResolution: 180/1
                  YResolution: 988/3
               ResolutionUnit: 2
        JPEGInterchangeFormat: 4292
  JPEGInterchangeFormatLength: 1506


Und ich wette, dass der Fotograph dieses Fotos in der 

Neuperverstraße 1 wohnt.

Und mit Sicherheit läßt sich anhand der Marker-Note auch die Seriennummer
der Kamera zuordnen.